20
30
0.06	0.5	0
0.03	0.5	0.0424264069
-0.03	0.5	0.0424264069
-0.06	0.5	0
-0.03	0.5	-0.0424264069
0.03	0.5	-0.0424264069
0.15	0.02	0
0.075	0.02	0.1060660172
-0.075	0.02	0.1060660172
-0.15	0.02	0
-0.075	0.02	-0.1060660172
0.075	0.02	-0.1060660172
0.25	0.02	-0.25
0.25	0.02	0.25
-0.25	0.02	0.25
-0.25	0.02	-0.25
0.25	0	-0.25
0.25	0	0.25
-0.25	0	0.25
-0.25	0	-0.25
0	0.0	0.0	1	1.0	0.0	6	0.0	0.5	0.80793		0.00473022	0.0178387
1	1.0	0.0	6	0.0	0.5	7	1.0	0.5	0.80793		0.00473022	0.0178387
1	0.0	0.0	2	1.0	0.0	7	0.0	0.5	0.0		0.00473022	0.807290115
2	1.0	0.0	7	0.0	0.5	8	1.0	0.5	0.0		0.00473022	0.807290115
2	0.0	0.0	3	1.0	0.0	8	0.0	0.5	-0.80793	0.00473022	0.0178387
3	1.0	0.0	8	0.0	0.5	9	1.0	0.5	-0.80793	0.00473022	0.0178387
3	0.0	0.0	4	1.0	0.0	9	0.0	0.5	-0.80793	0.00473022	-0.0178387
4	1.0	0.0	9	0.0	0.5	10	1.0	0.5	-0.80793	0.00473022	-0.0178387
4	0.0	0.0	5	1.0	0.0	10	0.0	0.5	0.0		0.00473022	-0.807290115
5	1.0	0.0	10	0.0	0.5	11	1.0	0.5	0.0		0.00473022	-0.807290115
5	0.0	0.0	0	1.0	0.0	11	0.0	0.5	0.80793		0.00473022	-0.0178387
0	1.0	0.0	11	0.0	0.5	6	1.0	0.5	0.80793		0.00473022	-0.0178387
11	0.5	0.75	6	0.5	0.75	12	1.0	1.0	0.0	1.0		0.0
12	1.0	1.0	6	0.5	0.75	13	1.0	0.5	0.0	1.0		0.0
6	0.5	0.75	13	1.0	0.5	7	0.5	0.75	0.0	1.0		0.0
13	1.0	0.5	7	0.5	0.75	8	0.5	0.75	0.0	1.0		0.0
13	1.0	0.5	14	0.0	0.5	8	0.5	0.75	0.0	1.0		0.0
14	0.0	0.5	8	0.5	0.75	9	0.5	0.75	0.0	1.0		0.0
14	0.0	0.5	15	0.0	1.0	9	0.5	0.75	0.0	1.0		0.0
15	0.0	1.0	9	0.5	0.75	10	0.5	0.75	0.0	1.0		0.0
10	0.5	0.75	15	0.0	1.0	11	0.5	0.75	0.0	1.0		0.0
15	0.0	1.0	11	0.5	0.75	12	1.0	1.0	0.0	1.0		0.0
15	0.0	1.0	19	0.0	1.0	12	1.0	1.0	0.0	0.0		-1.0
19	0.0	1.0	12	1.0	1.0	16	1.0	1.0	0.0	0.0		-1.0
12	1.0	1.0	16	1.0	1.0	13	1.0	0.5	1.0	0.0		0.0
16	1.0	1.0	13	1.0	0.5	17	1.0	0.5	1.0	0.0		0.0
13	1.0	0.5	17	1.0	0.5	14	0.0	0.5	0.0	0.0		1.0
17	1.0	0.5	14	0.0	0.5	18	0.0	0.5	0.0	0.0		1.0
14	0.0	0.5	18	0.0	0.5	15	0.0	1.0	-1.0	0.0		0.0
18	0.0	0.5	15	0.0	1.0	19	0.0	1.0	-1.0	0.0		0.0
